1.0995070041236454e-07
0.0031568578010475537
4.774946520125223e-07
3.154657124068705e-07
2.126828294382599e-07
4.926495322798985e-11
0.0031556261866104163
3.009814213694728e-07
0.003156728059917513
0.0031574065810498833
3.8563529147772613e-07
0.003156839731841568
1.704866888704859e-07
3.8184105592697914e-07
0.003156846565295038
0.0031573618783843627
0.0031571246736298852
0.0031569741313001026
0.0031570550391718383
0.0031594084332540046
1.906169147525283e-08
4.8321843340304316e-06
0.0031567349044667598
0.0031567636399053786
8.244782064015244e-07
2.689490406909689e-07
0.0031570020946265973
0.0031571882609953902
0.0031567333037076997
2.8522435734645857e-06
7.922141065860866e-07
0.006313511042263763
3.248652596932189e-09
0.002156560240485647
2.2151568214098805e-06
3.4400963253716776e-07
0.003157124081277024
0.003157592457311127
9.69746476640887e-07
1.979145073729982e-07
4.5083004107659974e-08
3.675248644030571e-07
9.378772299062366e-07
1.1132830768367796e-12
0.002961072859207735
0.0031567673660993292
1.6107476463744774e-10
0.0031567880935469417
3.971341783204352e-07
9.760551989562716e-08
5.216637536525903e-07
2.418737454226716e-06
2.428230668552467e-07
2.3457138481619566e-08
0.00315678389131413
1.3129067943928874e-08
0.006312315751810418
4.385236479498289e-10
0.003156729520648084
1.4728594621010727e-07
1.092900416485576e-07
0.0031567740075063785
9.750764905225306e-08
0.003156773225581104
0.0031570505073265295
1.0850891020083853e-06
0.00315714794518665
0.0031568188718662724
3.443898152766245e-10
4.891739451007293e-08
4.678620116327359e-07
0.006313903282429638
0.006313555345945125
3.991383612303445e-07
0.0031580188983245036
7.348011667324128e-07
0.006313540775595518
0.0031567895090438697
0.0031577812440564262
2.4908389094357997e-07
0.006313801151800975
3.327061722534219e-06
1.0581211518090328e-07
5.0275180879522097e-08
0.00315647920033664
7.712656363498271e-07
1.014847027247523e-08
3.0127089367670834e-07
0.0031567454784272586
2.7955191333056684e-06
5.078712827649712e-07
9.03335159174734e-08
1.2477612513356329e-06
0.0031580561966274984
1.7591949254269768e-07
3.197686561373647e-08
1.9379201021685333e-10
0.00315730700943144
5.598577250333359e-06
0.003108560903202613
